ID	NAME	COL-1	COL-2	COL-3	COL-4	COL-5	COL-6	COL-7	COL-8	COL-9	COL-10	COL-11	COL-12	COL-13	COL-14	COL-15	COL-16	COL-17	COL-18	COL-19	COL-20
1	ROW-1	36.40	99.72	92.17	25.64	52.23	41.03	55.11	19.43	70.07	24.63	49.32	22.34	9.44	27.39	11.72	33.97	12.65	98.50	52.33	84.66
2	ROW-2	94.53	74.08	96.66	98.82	52.85	99.38	50.13	19.15	99.24	98.06	99.01	20.67	10.65	99.29	20.78	97.60	27.28	6.76	99.01	12.39
3	ROW-3	52.38	40.34	57.70	58.24	51.27	99.21	42.18	39.31	30.97	34.23	2.59	34.95	70.49	74.68	60.20	15.14	61.97	79.19	8.40	20.52
4	ROW-4	39.37	85.86	45.44	88.49	57.42	88.96	1.74	91.71	36.21	82.46	58.77	71.62	35.50	71.91	38.77	25.92	55.85	70.32	84.33	42.79
5	ROW-5	24.67	48.31	92.33	0.10	18.68	72.05	29.02	67.67	92.28	50.95	85.57	71.58	27.77	42.03	41.35	49.73	61.66	55.34	95.61	33.05
6	ROW-6	54.09	20.59	54.87	46.32	2.22	13.82	26.71	85.70	37.62	48.48	95.25	60.38	44.29	81.21	68.12	95.74	1.45	97.24	97.20	16.06
7	ROW-7	26.88	32.37	85.85	26.55	62.21	25.02	33.78	93.27	6.44	95.44	38.03	20.66	6.40	56.94	22.82	63.71	83.92	81.58	43.22	39.52
8	ROW-8	67.25	22.79	15.08	18.53	78.23	67.53	69.18	8.16	8.09	53.22	81.83	61.28	62.18	45.24	42.45	89.80	27.91	48.49	0.94	54.37
9	ROW-9	42.87	3.67	43.61	84.38	25.82	94.68	29.67	79.65	27.04	6.98	22.93	33.73	66.22	95.64	5.38	22.16	68.15	82.07	39.11	82.76
10	ROW-10	41.43	41.40	96.34	41.32	62.49	41.18	41.43	99.84	41.15	41.14	41.43	41.10	50.04	23.22	96.63	98.02	1.31	71.31	41.38	41.47
11	ROW-11	35.49	93.69	41.33	50.98	54.81	65.88	41.93	86.48	4.67	11.08	69.14	89.61	65.79	16.37	43.93	51.79	7.88	92.31	99.32	90.92
12	ROW-12	87.64	79.14	59.68	9.51	73.78	44.63	89.37	73.18	60.17	73.22	63.67	76.28	32.49	80.70	78.08	57.85	2.40	48.94	30.11	75.31
13	ROW-13	69.50	69.53	20.16	69.51	89.34	69.37	4.26	39.67	69.52	69.51	69.39	69.81	70.68	10.83	90.86	1.63	80.08	32.19	69.31	69.76
14	ROW-14	43.93	1.99	33.30	99.06	71.93	99.14	44.07	43.90	99.67	84.19	100.00	44.19	65.76	99.93	22.31	48.38	18.57	37.29	44.04	44.03
15	ROW-15	9.23	0.68	87.66	92.60	73.21	85.38	5.05	14.34	40.83	27.51	43.83	59.71	26.19	76.81	88.78	35.02	68.96	93.89	99.76	2.37
16	ROW-16	60.40	60.89	88.21	60.79	79.19	60.82	24.50	77.51	60.81	60.48	60.67	60.81	88.34	92.47	72.56	84.82	95.18	84.51	60.33	60.87
17	ROW-17	73.25	73.65	80.19	73.52	92.43	73.36	73.79	67.82	73.60	73.81	73.68	73.35	64.55	68.18	72.37	4.74	8.76	51.97	73.24	73.54
18	ROW-18	30.77	30.86	49.07	30.89	29.75	30.94	30.92	28.66	30.96	30.68	30.90	30.68	37.28	97.94	22.44	13.12	6.17	94.51	30.87	30.93
19	ROW-19	87.31	44.15	73.48	33.95	11.76	94.15	28.54	94.82	90.14	75.06	85.99	76.03	57.39	3.13	4.07	90.92	55.43	78.22	72.83	88.75
20	ROW-20	26.38	19.99	96.37	26.03	23.68	26.11	26.30	26.38	26.04	51.89	26.11	26.38	50.16	25.99	99.79	69.45	80.40	43.94	26.49	26.28
21	ROW-21	75.54	25.96	31.98	60.43	99.81	60.66	75.62	75.34	60.60	87.87	60.66	75.19	10.46	60.58	55.85	67.48	93.35	91.41	75.75	75.74
22	ROW-22	53.71	66.62	87.82	16.35	27.75	21.57	57.09	6.32	70.03	77.70	53.89	22.69	94.70	45.37	40.97	52.42	93.14	41.45	22.88	61.58
23	ROW-23	15.38	76.77	8.96	76.26	31.01	76.08	94.85	14.93	76.18	76.11	76.54	18.82	71.33	32.81	90.66	48.68	2.64	75.82	25.27	27.50
24	ROW-24	40.39	40.51	25.20	40.71	86.58	40.38	1.47	53.70	40.47	40.66	40.71	40.39	12.45	73.42	16.48	47.87	70.00	57.35	40.41	40.43
25	ROW-25	84.26	63.02	75.57	98.05	43.12	27.96	37.91	71.25	31.52	43.86	13.62	5.69	40.74	3.10	2.86	19.44	87.67	88.35	10.10	15.63
26	ROW-26	35.01	34.96	73.52	87.40	95.34	87.72	35.10	35.13	87.37	34.99	87.78	35.00	63.54	87.75	42.31	47.90	26.49	3.02	35.07	35.18
27	ROW-27	33.90	39.04	88.34	2.75	2.23	62.70	61.58	13.22	35.83	49.98	69.43	99.97	62.71	36.53	79.74	46.12	83.36	15.73	13.46	1.80
28	ROW-28	72.32	46.55	86.94	65.98	46.06	6.42	71.19	80.96	46.17	70.59	35.18	57.77	30.43	3.90	13.99	30.37	12.12	75.14	97.38	41.29
29	ROW-29	99.96	97.67	11.00	31.63	36.53	45.56	30.38	86.99	15.47	23.30	26.13	58.90	51.87	86.75	39.08	94.18	67.91	67.63	65.88	55.81
30	ROW-30	1.52	99.05	32.07	88.86	79.48	88.45	97.87	52.52	88.49	98.26	88.32	48.89	53.20	88.47	42.20	6.46	22.72	88.71	17.86	53.41
31	ROW-31	28.36	28.36	88.67	34.79	67.98	34.80	28.53	28.43	35.07	28.47	34.96	28.56	20.39	34.88	67.38	60.05	78.49	89.35	28.52	28.39
32	ROW-32	69.44	69.31	2.30	2.13	47.60	53.89	69.83	69.59	7.05	69.72	73.70	69.82	75.22	69.95	78.71	17.62	18.43	10.86	69.39	69.58
33	ROW-33	59.99	59.87	13.60	90.66	53.79	90.66	60.18	59.90	90.46	59.87	90.14	59.83	96.55	89.99	82.44	98.06	28.58	60.41	60.24	59.88
34	ROW-34	93.97	31.34	18.65	31.26	76.02	31.13	10.14	52.10	31.16	31.21	31.31	31.25	43.53	40.76	21.46	80.03	2.27	4.66	83.36	57.64
35	ROW-35	40.07	22.51	8.78	25.96	90.20	26.03	54.06	3.07	25.97	2.66	25.87	1.63	77.08	25.98	44.90	81.48	10.86	87.08	92.39	89.93
36	ROW-36	85.36	24.93	13.32	77.35	33.76	8.68	84.20	41.55	18.48	30.66	2.36	83.58	72.18	34.45	57.33	91.92	31.37	97.99	11.97	47.02
37	ROW-37	39.52	17.22	96.75	39.38	34.77	17.53	16.44	96.62	9.15	65.53	37.87	62.76	52.02	69.05	8.16	17.91	51.26	54.93	85.52	80.78
38	ROW-38	88.39	45.55	34.33	86.70	28.34	86.65	12.57	15.54	87.24	36.71	87.21	55.61	83.44	87.23	47.57	9.49	22.63	12.83	14.20	80.79
39	ROW-39	37.62	10.26	20.87	43.65	76.22	43.56	37.52	37.68	43.53	87.15	43.73	37.74	88.35	43.57	13.12	49.86	42.24	52.71	37.57	37.75
40	ROW-40	36.31	36.40	76.53	37.96	18.72	35.82	36.16	36.19	98.97	36.25	6.07	36.20	16.59	32.47	6.17	31.79	38.12	45.16	36.36	36.36
41	ROW-41	6.67	95.79	89.14	10.93	52.28	52.17	34.89	18.57	79.38	21.68	12.86	87.63	31.76	53.11	61.51	25.74	87.12	27.46	86.91	57.93
42	ROW-42	71.27	39.28	65.99	43.31	98.56	43.29	71.51	71.76	43.34	29.30	43.34	71.42	14.37	43.37	31.29	26.28	72.57	38.34	71.68	71.93
43	ROW-43	76.07	16.41	25.94	27.05	98.13	93.93	53.80	9.49	75.82	48.54	73.14	4.02	82.59	79.90	14.24	34.65	3.42	15.98	74.47	75.08
44	ROW-44	70.32	70.61	49.79	70.49	87.35	70.67	48.22	53.60	70.46	70.27	70.49	70.68	68.53	58.75	74.13	99.54	43.07	68.34	70.34	70.34
45	ROW-45	99.29	14.47	53.75	49.11	72.30	44.24	83.42	30.19	21.15	95.20	34.75	66.90	97.22	2.91	77.38	2.63	48.25	64.66	66.86	21.92
46	ROW-46	26.87	26.90	83.30	26.84	25.65	27.03	84.36	63.44	26.84	26.91	27.06	26.95	4.19	40.94	43.21	0.99	27.89	3.91	26.94	26.96
47	ROW-47	70.55	15.83	86.01	22.56	67.87	99.25	51.59	71.85	7.51	67.70	63.60	98.49	9.44	54.08	69.93	0.63	39.89	40.17	88.33	10.93
48	ROW-48	39.18	13.92	20.06	14.55	80.01	42.77	11.26	71.75	98.53	12.52	70.92	73.47	69.08	66.14	54.46	80.72	41.26	57.09	9.74	59.60
49	ROW-49	61.12	84.44	93.59	75.36	55.34	32.34	65.39	96.75	79.28	5.80	37.52	41.99	66.59	3.90	76.73	57.29	8.37	52.52	27.57	89.03
50	ROW-50	28.68	28.62	45.62	30.52	78.59	57.24	28.77	28.66	68.83	28.71	7.20	28.65	65.47	31.83	3.13	30.68	19.73	68.79	28.73	28.68

